image_id
id_00004755_02_1_front
id_00004756_02_1_front
id_00004757_01_1_front
id_00004758_01_1_front
id_00004759_03_1_front
id_00004759_04_1_front
id_00004760_02_1_front
id_00004761_03_1_front
id_00004762_02_1_front
id_00004763_02_1_front
id_00004763_03_1_front
id_00004764_02_1_front
id_00004764_04_1_front
id_00004765_08_1_front
id_00004765_30_1_front
id_00004765_46_1_front
