image_id
id_00005819_01_1_front
id_00005820_02_1_front
id_00005821_01_1_front
id_00005822_02_1_front
id_00005823_01_1_front
id_00005824_01_1_front
id_00005824_02_1_front
id_00005824_03_1_front
id_00005825_02_1_front
id_00005826_01_1_front
id_00005827_04_1_front
id_00005827_05_1_front
id_00005827_06_1_front
id_00005827_07_1_front
id_00005828_01_1_front
id_00005829_06_1_front
